$ANSIBLE_VAULT;1.1;AES256
61353136633835613861336137346665366564306232363437363265656634366530623132343161
3462363863313864626665326131303737303838383439310a633264336662393732316563373034
35623532333566373863343866623737646339636439336534616632363836666130656534663938
6639323832366133370a633664633362396465316338303334353333383133393339636336346434
64666530326433613363613431386431626330393338396237623434396438636162323139353932
34383737363933336135623135356165393765303135333066386636396431323932623338383738
66343236333035343431373535363039633463653430393239393066343539316361653266623861
37363163303664623061343933393431353933626633366565303132663238373237646435363430
37656662656664633233393864656337656237346131663538666564633939313032393736316433
33333665363835353431336330336136356635663264656139303038306562346136346666313966
61303265613335336264373464383231343262626166306263636333333261393866333863313736
31666534653131616636633565393830383036343738623736333566613764653562363233383934
63376432366239623862386334303264336536303632353138623430306333643863346134396532
36353337663662346234636439306461653836666562306566623739333063343664313761643165
386564376363666639613261393731343562
